
param demand :=
1000
;
 
param operation_cost :
1 2 3 :=
1
12.13458
24.26915
36.40373
2
0.9313997
1.862799
2.794199
3
9.179407
18.35881
27.53822
4
14.30129
28.60259
42.90388
5
2.012157
4.024313
6.03647
6
13.48649
26.97297
40.45946
7
14.21638
28.43276
42.64913
8
6.645586
13.29117
19.93676
9
15.29099
30.58197
45.87296
10
11.80173
23.60346
35.40519
;
 
param operation_capacity :=
1 347740
2 71120
3 276201
4 100799
5 484870
6 187993
7 98534
8 338710
9 374473
10 259560
;
 
param transportation_cost :
1 2 3 4 5 6 7 8 9 10 :=
1
0
9324.116
9599.724
10511.21
7799.76
9535.373
9596.008
10997.18
812.3324
9252.24
2
9324.116
0
639.5641
1188.225
1936.781
237.3888
959.3927
1682.694
9626.896
476.8858
3
9599.724
639.5641
0
1052.897
1908.467
689.3983
343.5494
1452.942
9831.052
1105.279
4
10511.21
1188.225
1052.897
0
2948.379
988.931
1263.41
502.4521
10799.47
1364.168
5
7799.76
1936.781
1908.467
2948.379
0
2171.018
1820.896
3360.186
7965.502
2201.094
6
9535.373
237.3888
689.3983
988.931
2171.018
0
1031.567
1489.948
9849.45
461.1568
7
9596.008
959.3927
343.5494
1263.41
1820.896
1031.567
0
1584.99
9785.118
1433.775
8
10997.18
1682.694
1452.942
502.4521
3360.186
1489.948
1584.99
0
11266.47
1863.006
9
812.3324
9626.896
9831.052
10799.47
7965.502
9849.45
9785.118
11266.47
0
9610.489
10
9252.24
476.8858
1105.279
1364.168
2201.094
461.1568
1433.775
1863.006
9610.489
0
;
 
